A1.fasta((t1:0.005025197753,(t2:0.006039870815,t19:0.0009890399594):0.008079091516):0.004981453546,(t3:0.02351106695,t5:0.01214333692):0.01326954601,(((t13:0.007061045563,((t4:0.007669312633,t18:0.01356126904):0.006033512383,t6:0.009704221674):0.01257627771):0.0009698443648,t12:0.003015804231):0.01279360847,((t14:0.02772820609,t17:0.01210236787):0.02259239063,((t7:0.0233339582,((t9:0.02524183947,(t16:0.001981972714,t15:0.01213440125):0.008399440532):0.01014431447,(t11:0.009081458849,t20:0.005020632981):0.00840960998):0.006052722192):0.01765716464,(t8:0.003356316033,t10:0.02015294067):0.01201493597):0.03293673003):0.001942294513):0.02381153306);
A2.fasta((t1:0.005028178502,(t2:0.006043349058,t19:0.0009870897575):0.008082471211):0.004982756311,(t3:0.0235332264,t5:0.0121555754):0.01328465657,(((t13:0.007057153214,((t4:0.007659121871,t18:0.01356851305):0.006043667416,t6:0.00969774064):0.01257406834):0.0009735446442,t12:0.003015673755):0.01281639997,((t14:0.02775285603,t17:0.01209529676):0.02257930298,((t7:0.02333600857,((t9:0.02523692512,(t16:0.001980891421,t15:0.012139359):0.008386206599):0.01014852239,(t11:0.009069169984,t20:0.005018333542):0.008393823897):0.006023769449):0.01760755938,(t8:0.003335076718,t10:0.02020019316):0.01215040859):0.03287888037):0.001972123794):0.02378263679);
C2.fasta((t1:0.005028178502,(t2:0.006043349058,t19:0.0009870897575):0.008082471211):0.004982756311,(t3:0.0235332264,t5:0.0121555754):0.01328465657,(((t13:0.007057153214,((t4:0.007659121871,t18:0.01356851305):0.006043667416,t6:0.00969774064):0.01257406834):0.0009735446442,t12:0.003015673755):0.01281639997,((t14:0.02775285603,t17:0.01209529676):0.02257930298,((t7:0.02333600857,((t9:0.02523692512,(t16:0.001980891421,t15:0.012139359):0.008386206599):0.01014852239,(t11:0.009069169984,t20:0.005018333542):0.008393823897):0.006023769449):0.01760755938,(t8:0.003335076718,t10:0.02020019316):0.01215040859):0.03287888037):0.001972123794):0.02378263679);
C3.fasta((t1:0.005028178502,(t2:0.006043349058,t19:0.0009870897575):0.008082471211):0.004982756311,(t3:0.0235332264,t5:0.0121555754):0.01328465657,(((t13:0.007057153214,((t4:0.007659121871,t18:0.01356851305):0.006043667416,t6:0.00969774064):0.01257406834):0.0009735446442,t12:0.003015673755):0.01281639997,((t14:0.02775285603,t17:0.01209529676):0.02257930298,((t7:0.02333600857,((t9:0.02523692512,(t16:0.001980891421,t15:0.012139359):0.008386206599):0.01014852239,(t11:0.009069169984,t20:0.005018333542):0.008393823897):0.006023769449):0.01760755938,(t8:0.003335076718,t10:0.02020019316):0.01215040859):0.03287888037):0.001972123794):0.02378263679);
C4.fasta((t1:0.005025197642,(t2:0.006039870815,t19:0.0009890399316):0.008079091437):0.00498145119,(t3:0.02351108001,t5:0.01214333869):0.01326955484,(((t13:0.007061045988,((t4:0.007669312479,t18:0.01356127051):0.006033511906,t6:0.009704222204):0.01257628121):0.000969842837,t12:0.003015803857):0.01279361207,((t14:0.02772822744,t17:0.01210236681):0.02259241549,((t7:0.02333397073,((t9:0.02524185138,(t16:0.001981971328,t15:0.0121344022):0.008399441704):0.01014431706,(t11:0.009081458849,t20:0.005020632565):0.00840960998):0.006052719388):0.01765717852,(t8:0.00335631558,t10:0.02015294067):0.01201493673):0.03293677042):0.001942281818):0.02381154922);
